Board 1
5 3 0 0 7 0 0 0 0
6 0 0 1 9 5 0 0 0
0 9 8 0 0 0 0 6 0
8 0 0 0 6 0 0 0 3
4 0 0 8 0 3 0 0 1
7 0 0 0 2 0 0 0 6
0 6 0 0 0 0 2 8 0
0 0 0 4 1 9 0 0 5
0 0 0 0 8 0 0 7 9
Board 2
0 0 0 0 3 0 0 6 0
0 0 2 0 0 5 0 9 0
4 0 0 0 0 0 0 0 0
0 0 0 0 0 0 0 0 0
0 2 3 0 0 0 0 7 0
6 0 4 0 0 0 0 2 3
3 0 0 0 0 0 5 4 6
2 0 0 0 0 7 0 0 0
5 0 0 0 8 6 0 0 0
Board 3
0 0 0 0 4 7 0 0 0
1 0 0 2 6 3 0 0 0
0 0 3 0 0 0 0 0 0
0 0 0 8 0 0 6 3 2
0 7 0 0 0 2 0 5 0
0 0 0 9 0 0 0 0 0
4 0 0 7 0 0 0 2 0
0 0 9 0 0 0 0 0 0
3 0 0 0 0 0 0 0 0
Board 4
0 0 8 0 9 1 6 0 0
5 9 0 0 0 0 7 0 8
0 0 4 7 3 8 0 0 0
0 0 0 0 0 0 0 0 6
0 0 0 0 0 6 0 7 5
0 4 0 0 7 0 0 0 9
0 0 0 0 0 3 0 0 0
0 6 0 0 0 0 0 0 3
4 0 0 9 0 0 0 0 0
Board 5
0 7 0 0 8 0 0 6 0
0 8 0 2 0 0 0 0 0
0 0 0 0 0 0 0 0 5
0 3 1 0 0 0 0 0 0
0 0 0 0 0 2 0 0 0
0 9 2 0 0 0 0 0 0
8 0 0 0 1 0 0 0 6
0 1 7 0 0 0 5 4 3
0 0 0 9 4 0 0 1 7
Board 6
0 0 5 0 0 0 0 0 0
0 0 0 0 0 1 0 0 0
6 2 0 0 0 0 0 0 0
7 0 0 5 0 9 0 0 0
0 0 0 0 1 0 0 0 0
0 0 0 7 3 4 5 0 0
0 0 0 8 0 0 1 0 0
1 0 2 9 0 3 8 0 0
0 0 0 1 5 2 0 0 0
Board 7
0 8 0 0 0 0 5 0 0
0 0 0 0 0 0 0 0 0
0 0 1 0 8 0 0 0 0
0 6 0 3 4 0 2 0 0
0 4 0 0 0 0 0 0 0
2 1 5 0 6 0 0 0 0
0 0 0 0 0 8 0 5 0
0 5 8 0 0 0 0 0 0
4 0 0 0 0 0 7 0 0
Board 8
0 0 0 0 0 0 0 0 0
0 5 0 0 0 0 0 0 3
0 0 0 8 0 3 0 5 0
9 8 0 0 1 0 0 7 6
0 0 0 0 0 0 9 0 2
0 0 6 9 8 0 0 1 0
0 0 0 0 0 0 0 0 0
0 6 0 5 0 0 0 0 0
1 2 0 0 0 4 0 3 8
Board 9
0 4 3 0 0 0 0 0 0
0 0 0 7 0 0 0 0 0
0 0 0 0 0 0 0 0 6
0 0 0 3 0 0 0 0 0
3 0 0 0 0 7 4 0 0
0 0 0 4 2 0 0 6 0
1 0 0 0 0 0 0 0 4
0 8 0 0 0 0 0 0 5
9 0 0 0 0 4 6 8 2
Board 10
0 1 0 0 0 8 9 0 0
4 0 8 0 6 0 0 1 0
0 6 0 0 0 2 0 0 0
1 0 0 2 0 0 0 0 0
0 0 0 6 0 0 0 0 4
6 0 0 0 0 0 0 8 0
0 0 5 0 4 0 0 0 0
0 0 0 0 0 0 7 0 5
3 0 0 7 0 5 0 0 0
Board 11
0 0 0 0 0 0 0 0 0
0 0 0 0 0 0 0 0 0
0 0 0 0 0 0 0 0 0
0 0 0 0 0 0 0 0 0
0 0 0 0 0 0 0 0 0
0 0 0 0 0 0 0 0 0
0 0 0 0 0 0 0 0 0
0 0 0 0 0 0 0 0 0
0 0 0 0 0 0 0 0 0
Board 12
2 1 0 0 0 0 4 7 0
0 0 0 0 7 0 0 1 0
0 0 5 0 0 0 8 0 0
0 0 8 6 0 0 0 0 0
0 3 0 0 5 0 0 0 0
7 5 0 1 0 0 0 0 0
0 6 0 0 0 0 0 0 1
3 4 0 5 0 0 0 8 0
0 0 0 0 0 0 0 0 0
Board 13
0 0 0 5 3 0 0 0 0
0 0 4 9 0 0 0 0 0
0 0 0 7 0 0 5 3 4
0 0 0 8 0 3 0 0 9
0 0 0 0 6 0 2 0 0
0 0 0 0 0 0 0 0 3
3 0 0 0 5 0 0 9 0
4 9 0 0 8 2 0 0 7
0 0 0 0 0 0 4 0 0
Board 14
0 0 1 0 0 7 5 9 0
0 0 0 0 0 4 8 0 0
0 0 4 8 6 0 0 0 0
0 0 0 1 0 2 9 0 0
1 0 0 0 0 0 0 0 3
9 0 0 0 0 3 0 0 0
2 1 0 0 0 0 0 0 0
0 0 0 2 5 0 7 1 9
0 0 0 0 0 6 0 0 0
Board 15
0 0 0 0 7 0 0 0 0
0 7 0 0 0 0 0 6 0
0 0 0 0 0 0 0 7 1
0 0 3 0 0 7 8 0 4
0 0 7 0 0 0 0 0 0
0 0 0 6 0 0 0 0 0
0 9 0 1 3 0 0 0 0
0 0 0 0 0 0 1 9 5
1 0 0 0 0 0 0 0 8
Board 16
1 0 0 0 0 0 0 0 0
0 0 0 2 6 0 0 0 3
0 0 0 1 0 0 0 4 9
0 1 8 0 0 0 0 0 0
0 0 0 0 0 0 5 0 0
0 7 0 0 0 0 0 0 4
0 0 0 9 8 0 0 0 0
0 2 5 0 3 0 9 0 6
0 0 0 7 0 5 0 0 0
Board 17
0 0 0 5 0 0 0 0 3
0 0 2 7 0 0 0 0 6
7 9 0 0 0 0 0 0 0
1 0 5 0 0 0 9 3 0
0 2 0 0 0 0 0 8 0
0 0 0 0 8 0 6 0 4
0 0 8 0 0 0 0 0 0
0 0 0 4 0 1 0 5 0
0 5 1 0 0 0 0 6 0
Board 18
7 1 0 0 0 0 0 0 0
0 8 0 2 0 0 0 1 3
0 0 0 0 0 3 9 0 5
0 0 9 3 0 0 0 0 0
0 0 0 0 6 0 0 7 0
0 0 0 0 0 0 0 5 0
0 0 7 0 0 0 0 0 4
0 0 1 0 3 0 0 0 0
0 0 0 0 0 7 0 3 1
Board 19
0 0 0 0 0 0 0 9 2
0 0 0 6 0 2 0 0 0
0 0 2 0 0 7 0 0 0
0 0 0 7 1 4 0 0 0
0 0 0 9 0 0 0 0 8
0 0 0 3 0 0 0 1 0
0 0 5 0 6 0 2 8 9
0 8 9 0 0 0 0 0 0
0 0 0 0 8 9 0 0 0
Board 20
0 4 0 0 0 6 0 0 0
9 0 0 0 3 0 0 0 0
0 3 0 0 4 0 0 0 0
4 7 0 0 0 2 0 0 0
0 0 0 0 1 5 4 7 0
0 0 5 0 0 9 0 6 0
0 0 0 0 0 0 0 0 0
0 5 0 1 0 0 2 0 0
0 0 3 0 0 0 0 0 0
Board 21
4 0 0 0 6 0 0 0 0
7 0 0 0 8 0 0 5 9
0 0 0 4 0 0 0 0 0
5 0 7 9 0 0 8 0 0
0 1 0 0 0 2 0 4 0
0 0 0 5 0 0 9 1 0
0 0 0 1 0 0 0 0 0
0 0 0 3 0 0 0 0 5
0 0 0 0 0 0 0 0 0
Board 22
0 3 0 0 0 4 0 0 5
6 0 4 0 8 0 0 0 0
2 0 0 0 0 7 6 0 4
0 0 6 7 0 9 0 0 0
0 0 0 8 0 2 0 0 6
0 5 0 0 0 0 0 0 0
0 7 1 0 0 0 0 0 0
5 0 0 0 0 0 0 2 0
0 2 0 0 0 0 0 0 0
Board 23
0 0 0 4 0 0 0 0 0
4 0 0 0 0 0 9 0 0
0 1 0 0 2 0 0 0 0
2 0 0 0 0 0 0 3 0
6 0 0 0 0 5 0 0 4
0 0 0 2 0 0 0 0 7
7 0 0 0 0 2 0 0 0
3 0 1 0 0 0 0 0 0
0 5 2 0 4 0 0 6 9
Board 24
6 0 8 0 0 0 0 0 0
0 0 0 0 0 0 0 0 0
9 0 0 0 0 0 7 1 0
4 0 0 0 3 0 2 0 0
0 0 0 2 5 0 0 0 0
0 0 0 0 0 0 8 0 0
0 8 0 0 0 0 0 7 0
5 0 4 1 7 0 3 0 6
3 0 2 0 0 0 0 0 0
Board 25
0 0 0 0 0 0 1 8 0
3 0 7 1 0 0 0 0 0
0 0 0 0 0 5 3 0 0
0 0 0 0 7 0 0 6 1
0 0 0 0 6 0 0 0 3
0 6 0 0 0 0 0 0 0
0 5 2 7 1 0 0 0 0
6 0 0 0 0 2 0 0 0
0 0 0 6 0 0 9 0 2
Board 26
0 0 0 0 0 0 4 6 0
0 7 0 0 0 0 3 0 0
0 0 0 3 0 5 0 7 2
0 0 0 0 0 0 0 0 0
5 0 0 0 9 0 8 0 0
6 0 4 0 0 0 0 0 7
0 5 0 0 0 0 0 0 0
2 1 0 0 0 0 7 4 0
0 4 0 7 0 8 0 5 0
Board 27
0 0 0 0 0 0 0 0 0
0 8 0 0 4 0 0 7 0
1 4 0 0 7 0 0 8 0
0 9 2 0 3 0 4 0 0
0 0 0 0 0 0 0 0 2
0 6 0 7 0 0 0 0 0
8 0 0 3 1 4 0 0 0
0 0 4 6 0 7 0 0 0
0 0 0 8 0 0 0 0 0
Board 28
0 0 0 0 0 0 2 0 0
0 0 1 0 0 0 0 0 4
0 5 0 0 0 0 0 0 0
3 0 0 0 0 9 0 0 0
0 0 0 0 0 2 3 0 0
0 0 0 0 0 7 0 1 0
0 4 6 0 0 5 8 0 0
0 2 0 0 7 0 0 0 0
8 0 0 9 4 3 0 2 6
Board 29
0 7 2 0 0 6 5 0 0
1 0 6 5 0 0 0 0 0
0 0 4 0 0 0 0 0 0
0 0 0 0 6 0 0 0 0
0 0 0 0 0 0 7 0 0
8 0 0 0 0 0 2 0 0
0 0 9 0 0 0 0 1 7
0 0 8 0 0 7 3 2 0
0 0 7 0 2 9 0 5 0
Board 30
0 0 0 0 4 0 5 0 0
0 0 0 5 0 0 0 0 0
0 0 0 0 0 0 0 0 0
1 3 2 0 0 4 6 0 0
0 0 0 0 0 5 0 3 0
0 8 0 0 3 0 0 0 4
4 0 0 7 0 0 0 2 0
0 0 0 0 0 3 0 0 0
0 0 6 0 0 0 0 0 3
Board 31
4 0 0 0 0 0 0 0 7
0 0 0 5 0 0 0 2 0
0 0 7 0 0 0 8 0 0
0 0 8 0 9 0 0 0 0
0 0 1 0 0 0 0 0 0
0 7 5 2 0 8 3 9 0
0 3 4 0 0 6 0 0 0
0 8 0 0 0 0 0 0 0
9 5 0 7 0 0 0 0 0
Board 32
2 5 0 3 0 8 0 0 0
0 0 0 0 0 0 0 0 1
7 6 0 0 0 0 0 0 8
0 0 0 1 0 0 0 9 0
0 8 0 0 0 0 5 0 0
0 0 7 0 0 0 0 0 0
0 0 2 8 7 0 0 0 0
0 0 0 0 3 0 0 0 6
0 0 0 9 1 0 0 7 0
Board 33
0 1 0 5 0 0 0 0 0
5 0 0 9 0 7 0 1 8
0 2 0 6 0 0 0 0 4
0 6 0 0 0 3 2 0 0
0 0 0 0 0 0 0 6 0
0 0 0 0 0 0 0 0 0
0 8 0 4 0 2 0 5 0
0 0 0 3 0 0 0 8 0
0 5 0 0 8 0 0 0 0
Board 34
0 0 0 0 0 0 3 0 0
9 1 8 0 0 4 0 0 0
0 0 0 0 0 0 9 1 0
0 2 0 0 0 0 0 0 0
0 0 1 0 0 0 6 0 0
0 0 0 6 0 9 0 8 0
0 7 0 4 9 6 0 0 0
0 0 0 0 3 0 0 7 2
4 3 0 0 0 0 0 0 0
Board 35
0 0 0 3 0 0 0 0 0
3 0 0 5 4 0 0 0 6
0 0 0 0 0 6 3 0 0
0 0 3 6 9 0 0 0 0
0 9 1 0 7 0 8 0 0
0 7 0 0 0 3 0 0 0
0 0 0 0 0 0 0 0 0
0 0 0 0 0 0 0 0 0
7 5 8 9 0 0 1 3 0
Board 36
5 0 0 0 0 0 0 0 6
7 0 0 0 0 0 0 4 0
0 2 6 5 0 0 7 0 0
0 0 0 0 0 0 0 0 9
0 0 0 0 0 0 0 0 0
0 0 0 0 0 0 1 0 8
0 1 0 0 7 0 0 9 0
3 9 0 0 0 0 0 0 0
6 0 0 3 0 5 8 0 0
Board 37
0 6 9 2 0 0 0 0 0
0 8 4 0 0 0 1 0 0
0 7 3 0 0 0 0 8 0
0 0 0 0 0 0 0 3 0
9 4 0 7 3 0 6 0 0
0 0 0 0 0 0 0 4 0
0 0 0 3 0 0 0 0 0
4 0 0 0 9 0 0 0 0
3 2 0 0 0 0 0 0 1
Board 38
0 9 0 0 0 2 0 0 0
0 0 0 0 0 0 1 0 0
3 0 0 0 0 0 7 0 0
9 0 0 0 0 0 4 0 0
8 2 6 0 0 0 0 1 7
0 0 0 0 0 0 0 0 0
0 0 0 0 0 0 0 0 0
0 0 9 0 0 0 0 0 1
2 3 0 6 8 1 5 0 0
Board 39
0 0 1 0 0 0 0 3 0
0 0 0 2 0 9 0 0 0
0 0 0 7 0 0 0 0 0
0 0 5 1 0 0 0 0 2
1 0 8 0 0 0 6 0 0
0 0 2 0 7 0 0 0 0
0 0 7 9 0 0 4 0 0
9 0 3 0 2 0 0 1 6
0 0 6 0 0 0 0 0 0
Board 40
9 0 0 0 2 1 4 0 7
0 0 0 0 3 0 9 0 0
0 0 7 0 0 0 0 0 0
0 9 0 8 1 0 3 0 4
8 0 0 0 0 0 0 9 0
0 0 4 0 9 5 0 1 0
2 0 0 0 0 0 0 0 0
0 0 0 0 0 3 0 0 0
0 0 0 0 0 0 0 8 0
Board 41
0 0 0 5 1 0 0 0 0
0 1 0 6 0 0 0 0 0
0 0 0 0 0 0 0 0 0
0 0 0 0 8 0 0 7 6
0 0 0 0 0 0 0 2 5
0 0 6 9 2 5 0 0 0
1 0 2 0 5 0 0 0 0
7 6 0 8 4 0 0 0 0
0 0 0 0 0 0 7 4 0
Board 42
6 4 0 0 0 0 0 0 0
1 0 0 0 0 7 0 0 0
0 0 7 0 0 8 1 3 0
4 6 0 0 5 3 0 7 0
0 0 0 2 0 0 0 0 0
0 0 9 0 0 1 0 0 3
0 0 0 0 0 0 0 0 0
0 0 0 3 9 0 7 0 0
0 0 0 0 0 0 0 0 0
Board 43
0 5 0 0 0 0 0 0 8
0 0 9 0 0 8 0 5 0
1 0 8 7 5 0 0 0 0
0 7 0 0 0 0 2 8 0
6 0 0 2 8 0 0 0 0
0 0 0 0 0 0 0 0 0
0 0 0 0 0 0 9 1 5
0 0 0 0 0 0 0 6 0
0 0 5 0 6 0 4 0 0
Board 44
2 0 0 7 6 0 0 0 0
7 0 0 0 4 0 2 0 0
0 0 0 0 8 9 0 6 0
0 0 0 0 0 0 0 0 1
0 0 0 0 3 0 0 0 0
0 0 0 0 2 7 0 0 6
0 9 0 0 0 4 0 0 0
0 0 8 0 9 0 3 0 0
3 0 4 0 1 0 0 0 0
Board 45
0 0 0 0 1 0 9 0 8
5 0 0 0 0 8 3 7 0
9 0 0 0 0 0 5 0 0
0 3 0 0 2 0 0 0 0
0 0 0 0 0 0 7 3 0
4 0 0 0 0 0 0 0 0
0 6 0 0 0 4 0 9 7
0 0 0 1 0 0 0 0 0
8 0 7 2 0 3 0 0 0
Board 46
6 0 0 0 0 0 7 0 0
0 2 0 0 0 0 0 5 0
0 3 0 6 0 0 0 0 0
0 0 0 8 9 0 0 1 0
0 0 0 3 0 0 0 6 0
3 1 7 0 6 0 0 0 0
2 8 0 0 0 0 0 0 0
0 4 0 9 0 0 0 0 3
0 7 0 2 0 0 1 0 0
Board 47
0 9 0 0 0 0 0 0 0
0 0 0 0 0 0 7 9 5
0 3 6 0 0 0 0 2 4
9 0 0 0 0 0 0 0 0
0 0 0 0 0 8 0 0 0
0 0 0 0 0 1 5 0 0
2 0 7 0 0 0 0 8 0
0 0 0 0 8 9 2 0 7
0 8 0 0 5 0 0 0 0
Board 48
0 3 0 0 0 0 0 8 0
0 4 2 0 8 5 0 0 0
0 8 5 0 0 0 0 0 0
0 0 0 0 0 0 0 0 0
0 2 0 0 0 0 0 0 1
0 0 0 3 9 0 0 0 0
4 0 0 5 0 8 0 6 3
0 0 0 0 0 0 4 0 0
0 0 8 4 0 0 0 0 9
Board 49
0 0 0 0 0 0 5 0 0
0 4 0 0 0 0 0 0 0
5 0 0 2 0 0 0 4 3
0 2 0 0 0 0 0 0 0
6 0 0 0 0 5 0 2 0
1 0 0 8 0 0 6 0 4
0 0 2 0 7 0 0 5 0
0 5 0 3 0 8 0 0 2
3 0 0 0 0 2 0 6 0
Board 50
0 5 0 0 0 3 0 0 0
0 0 0 0 0 1 6 5 0
0 0 0 0 5 8 9 0 0
0 0 9 0 3 0 0 0 0
8 0 0 0 0 7 0 6 0
0 0 0 0 0 0 0 0 0
0 0 6 0 0 0 0 0 2
0 0 0 0 0 0 1 0 0
0 0 0 3 0 6 4 8 5
Board 51
0 0 0 0 0 1 0 0 0
6 0 0 2 0 7 4 5 0
0 8 0 0 0 3 0 0 0
0 0 0 0 0 0 8 0 0
3 0 0 0 7 2 0 0 0
0 0 0 0 4 0 0 0 0
0 0 0 0 0 5 0 0 0
0 0 0 0 0 4 0 0 0
0 2 0 1 0 0 0 3 4
Board 52
0 0 0 0 0 7 0 0 0
0 4 0 0 0 9 1 0 0
0 0 9 1 0 0 0 0 0
3 0 0 0 0 4 5 0 0
0 7 4 5 0 0 0 0 2
5 0 0 0 0 0 0 0 0
0 0 1 0 0 0 7 0 5
0 6 3 0 0 0 9 0 0
0 0 0 7 0 1 0 6 0
Board 53
0 0 0 0 0 0 0 2 8
0 0 0 0 0 0 0 1 7
0 2 0 0 0 0 0 0 0
0 0 0 0 0 0 0 0 5
0 4 9 2 0 0 0 0 0
0 0 5 0 0 0 7 4 0
9 7 0 0 0 0 0 0 0
0 5 2 9 3 6 0 0 0
0 0 0 4 0 0 0 5 6
Board 54
2 8 6 0 0 0 0 0 0
4 0 5 0 0 0 0 0 0
7 0 3 0 0 0 0 0 0
8 0 4 6 0 0 9 0 7
0 0 0 0 3 7 0 0 0
0 0 0 0 2 0 0 0 0
0 6 0 3 0 0 5 4 0
0 0 0 0 0 0 1 7 2
0 0 9 0 0 0 0 0 0
Board 55
0 0 0 0 0 0 0 0 0
0 0 0 0 0 0 0 0 0
0 8 0 0 0 4 0 0 1
0 6 3 4 1 0 0 9 0
0 0 0 0 0 5 0 6 0
0 0 0 2 0 3 0 0 7
0 4 0 0 0 2 0 0 8
9 0 8 0 0 0 7 0 0
0 0 0 0 3 0 0 0 6
Board 56
0 8 0 4 9 5 0 0 0
4 0 0 0 0 0 0 0 7
0 0 0 0 0 0 0 0 5
8 0 0 0 5 0 1 0 0
0 5 0 1 2 0 0 0 0
0 0 0 0 0 4 0 5 0
0 0 0 0 0 0 5 0 0
0 0 0 0 0 0 9 0 6
0 0 0 9 7 0 2 0 0
Board 57
0 0 0 0 0 0 0 0 0
3 9 0 0 0 4 0 0 7
0 0 0 1 0 0 3 9 0
8 0 0 0 2 0 0 0 0
7 0 0 0 4 0 0 0 3
6 4 0 0 1 0 0 0 0
0 7 0 0 0 0 2 3 0
0 5 6 0 0 1 0 7 0
0 0 0 0 7 0 0 0 0
Board 58
0 1 0 0 7 0 0 0 0
0 7 3 0 0 0 0 0 5
2 0 0 0 0 0 0 0 3
0 6 8 0 0 0 0 0 2
0 0 0 4 9 0 0 0 0
0 9 0 1 0 0 0 0 0
0 0 0 0 0 4 0 0 1
0 8 0 7 0 0 0 0 0
0 2 0 0 0 0 7 5 0
Board 59
0 0 0 0 0 0 0 5 0
0 0 3 0 0 0 0 0 0
0 0 0 0 6 2 0 8 0
0 9 0 0 0 0 0 7 4
0 3 0 0 7 0 0 0 0
0 0 0 6 0 0 0 0 0
0 2 9 0 0 0 0 0 0
0 0 5 8 0 6 0 4 9
0 4 0 0 1 0 0 2 5
Board 60
0 0 0 0 0 1 0 0 0
4 0 1 0 0 0 0 0 0
3 7 0 2 0 0 0 0 0
0 0 0 0 1 0 0 0 3
0 1 9 0 0 0 5 0 0
0 6 3 0 0 4 8 0 0
0 8 2 0 3 0 1 0 0
0 0 0 0 0 0 0 0 0
0 4 0 0 8 5 0 0 0
Board 61
0 0 0 0 0 0 0 7 0
0 0 3 0 7 0 0 0 0
0 0 0 0 0 1 0 0 0
9 0 0 0 0 0 0 5 0
1 0 0 0 5 0 0 0 0
7 0 8 0 0 0 0 0 0
6 0 0 0 8 7 3 0 9
3 8 0 0 0 0 0 0 2
0 4 0 0 1 2 0 8 7
Board 62
3 0 0 0 0 0 0 0 1
0 0 7 0 0 1 3 0 0
0 6 0 0 9 2 0 8 0
9 0 0 0 0 8 0 0 0
0 0 8 0 1 0 9 0 0
0 0 0 9 0 5 0 0 0
0 0 0 1 0 6 0 0 0
0 5 9 0 0 0 8 0 0
0 4 0 0 0 0 0 0 0
Board 63
0 8 0 0 0 0 0 5 0
3 0 0 0 0 0 0 0 0
1 0 0 0 0 0 0 0 7
0 9 0 6 7 0 0 0 1
0 0 2 5 0 1 0 0 0
5 0 0 0 0 0 0 0 0
2 0 0 0 0 0 0 0 8
4 0 0 7 6 0 0 0 9
0 0 8 2 0 0 0 0 0
Board 64
0 0 0 0 6 0 0 3 0
0 0 9 0 0 0 0 7 1
0 0 0 0 0 0 0 6 0
7 5 0 1 0 0 0 0 0
1 0 0 0 0 0 7 0 0
3 0 0 0 0 0 0 9 0
0 0 5 0 2 3 9 4 0
8 0 0 0 4 0 0 0 0
0 0 3 0 0 0 0 0 0
Board 65
0 0 8 0 4 0 6 0 2
9 4 0 0 0 0 0 0 8
0 1 2 0 0 0 9 0 0
5 0 0 8 7 4 0 2 6
0 0 0 1 0 0 5 0 0
1 0 0 0 0 0 0 0 0
0 0 3 0 0 1 0 0 0
0 0 0 0 0 0 0 8 3
0 0 0 0 0 0 0 0 0
Board 66
0 0 0 8 3 0 0 0 9
0 0 0 0 0 9 0 2 0
0 0 9 0 2 0 0 0 4
0 5 0 1 4 3 0 0 0
0 0 0 0 0 7 0 0 8
0 0 0 0 0 0 0 0 0
0 0 0 4 8 0 0 0 6
0 0 5 0 7 6 3 0 0
0 0 0 0 0 0 0 0 0
Board 67
0 0 0 0 7 0 0 1 0
0 7 0 0 0 0 0 9 0
0 0 5 0 9 0 0 0 0
9 0 0 0 8 7 0 0 4
3 0 0 0 0 0 0 0 0
0 0 0 9 6 0 0 0 0
7 0 0 0 0 0 0 0 0
8 0 0 0 0 0 0 0 0
5 4 6 7 3 0 0 0 0
Board 68
0 8 7 0 0 3 0 0 1
0 0 3 0 0 0 4 0 0
6 2 0 4 0 0 0 5 0
0 4 0 7 0 0 0 0 6
0 0 0 2 0 0 0 0 0
0 0 0 0 0 0 7 0 0
5 0 8 3 0 0 0 0 2
0 0 0 0 0 0 0 0 0
0 9 0 5 0 0 0 0 0
Board 69
0 0 0 8 0 0 0 2 0
8 0 0 0 0 0 0 0 7
0 2 0 0 3 0 0 0 0
3 1 8 0 0 0 0 9 0
7 0 0 0 9 0 0 0 0
0 9 0 3 0 0 7 6 0
0 0 0 0 0 0 9 4 2
0 0 2 9 7 0 0 0 0
0 0 0 5 0 0 6 0 0
Board 70
2 0 0 9 0 0 0 4 6
0 0 0 0 0 6 0 0 0
1 0 0 2 0 5 0 0 0
0 2 0 5 0 0 4 0 0
0 0 0 0 0 1 7 0 0
0 0 0 0 0 0 0 3 0
0 5 0 3 0 0 0 0 4
0 9 0 0 1 4 0 5 0
0 1 0 6 0 0 0 0 0
Board 71
0 8 0 9 6 0 0 0 0
9 0 0 0 0 0 0 0 0
0 0 0 0 8 0 9 0 0
0 0 9 0 5 0 4 0 3
7 5 0 0 0 0 0 0 0
0 0 0 0 0 0 0 0 0
0 0 0 0 9 1 0 0 4
2 0 0 0 0 8 5 0 0
0 0 1 0 0 4 0 0 8
Board 72
0 4 6 0 0 0 0 0 7
0 0 5 3 0 7 0 4 0
0 0 0 0 4 0 0 9 0
0 2 0 0 0 0 8 7 0
0 0 0 8 0 0 0 0 0
0 7 0 4 0 1 0 0 9
0 6 4 0 0 0 7 0 0
0 0 0 0 0 0 0 0 0
0 0 0 0 0 0 9 0 0
Board 73
0 0 0 0 0 9 0 0 6
0 0 0 2 5 6 0 4 0
2 0 0 0 0 0 8 0 0
4 3 0 0 0 0 0 6 0
0 0 0 0 6 2 0 0 0
0 0 0 4 0 0 0 0 1
0 0 0 0 8 0 6 2 5
6 2 0 0 0 0 0 0 3
0 0 0 0 0 0 1 0 0
Board 74
0 2 8 6 0 0 0 5 0
6 0 1 0 0 0 0 2 0
0 5 0 0 0 8 6 3 1
2 0 0 0 0 0 0 0 0
0 0 0 0 7 0 2 0 0
5 7 0 2 0 0 0 0 0
0 8 2 0 6 0 0 0 0
1 0 0 0 0 0 0 8 0
0 0 0 0 0 4 0 0 0
Board 75
0 0 0 0 0 5 4 0 9
0 8 0 4 7 9 0 0 2
4 0 9 1 0 0 0 0 0
0 0 0 0 0 0 0 0 4
0 5 0 0 0 0 0 0 0
0 0 4 0 1 3 0 0 0
8 0 0 0 3 7 0 0 1
0 0 7 0 0 0 0 0 0
0 0 0 0 0 6 0 0 7
Board 76
0 1 0 0 0 0 0 2 0
4 0 3 0 0 0 8 0 0
0 0 0 0 0 0 0 0 0
0 0 4 5 0 0 0 0 0
0 0 0 0 0 6 0 0 4
0 0 0 0 8 0 0 0 9
0 5 0 0 0 0 7 6 0
0 6 8 0 5 1 9 4 0
0 4 0 9 0 0 3 0 0
Board 77
5 0 0 0 0 1 6 0 0
0 0 0 0 2 7 5 0 0
0 0 0 0 0 0 0 0 1
0 0 4 3 0 0 0 0 0
3 0 0 0 0 6 0 0 0
0 7 0 0 0 4 3 1 0
0 0 0 0 0 2 0 0 0
1 6 0 7 0 0 0 0 0
0 0 0 0 0 0 1 3 0
Board 78
0 1 0 0 0 0 0 4 0
9 5 0 0 0 0 0 0 0
0 0 0 0 0 0 9 5 7
1 0 0 0 7 5 0 0 0
0 0 0 0 0 3 0 2 9
4 0 0 0 0 0 0 7 0
5 8 0 0 9 0 0 0 0
0 0 0 0 3 0 0 0 0
7 3 0 0 0 0 5 9 0
Board 79
9 0 0 0 0 0 0 0 3
6 0 0 0 0 0 0 2 0
7 0 0 9 0 0 0 0 0
0 0 6 5 0 0 4 3 0
0 0 0 0 3 0 2 0 0
0 3 0 2 0 0 0 0 0
0 0 0 0 0 4 0 0 9
3 0 0 0 7 0 0 0 0
0 7 0 3 0 0 0 6 4
Board 80
0 0 0 4 0 0 0 1 8
0 7 0 0 0 0 0 0 0
0 1 0 0 0 0 0 7 0
0 0 0 0 5 0 0 0 0
0 5 0 0 8 3 6 0 0
0 0 0 6 0 0 0 0 0
0 0 0 5 4 1 0 0 2
8 0 0 7 0 6 5 0 0
5 0 0 0 0 0 7 0 0
Board 81
0 0 0 0 0 0 0 0 0
0 0 4 0 7 0 0 2 6
5 7 0 0 0 0 0 8 0
0 0 0 0 0 8 0 1 0
0 0 8 7 0 0 2 9 3
0 0 5 2 0 0 0 0 0
0 0 2 0 0 0 0 5 0
0 0 0 0 0 0 0 0 0
4 0 0 1 5 2 0 0 0
Board 82
0 6 9 0 0 7 0 0 0
0 0 0 0 2 4 0 0 9
0 0 0 0 0 0 8 0 0
0 0 0 0 0 0 0 4 0
0 0 3 0 4 0 0 0 0
0 0 0 0 0 0 0 7 0
0 9 0 0 0 0 0 8 0
7 0 1 0 9 0 3 0 6
0 0 0 3 0 0 0 9 1
Board 83
0 2 5 0 6 0 0 3 0
0 0 9 0 0 0 0 0 0
7 0 0 0 0 0 0 0 0
0 1 0 5 9 0 0 0 0
0 0 0 0 4 0 0 1 0
0 0 0 0 0 0 0 0 6
6 5 0 9 0 0 0 0 3
0 8 0 0 0 0 0 0 0
0 0 0 6 8 0 0 0 2
Board 84
0 6 0 9 0 0 0 0 0
0 0 0 0 0 0 3 0 0
0 0 0 0 0 0 0 0 0
0 3 0 0 2 0 0 0 0
0 0 0 7 5 0 6 0 0
7 5 0 0 0 0 4 2 0
0 0 0 2 8 3 5 9 7
0 0 3 0 0 0 0 0 0
5 9 0 0 0 0 0 0 3
Board 85
0 0 0 0 0 0 3 5 8
0 0 0 0 0 0 0 7 0
0 5 0 0 7 0 0 0 0
0 0 0 0 0 4 0 0 0
0 2 0 0 8 0 7 0 0
5 8 3 0 0 0 0 0 0
0 0 0 2 3 0 0 0 0
0 3 0 8 0 7 0 6 0
0 0 0 0 0 5 0 0 7
Board 86
0 4 0 0 6 0 2 0 0
0 0 0 0 0 0 0 4 0
2 3 0 0 0 0 0 0 7
4 1 0 0 0 0 3 0 0
0 0 0 0 0 0 4 1 0
0 0 0 4 1 0 0 7 0
0 0 4 0 0 0 8 0 0
0 9 1 0 0 3 0 2 4
0 0 3 0 0 0 6 0 0
Board 87
0 0 0 0 2 0 0 3 8
0 0 0 7 3 8 0 0 0
7 0 0 0 0 4 0 2 0
0 0 0 0 0 0 3 0 0
4 0 0 0 0 0 0 0 5
0 0 7 0 0 5 0 1 2
0 4 0 0 0 0 0 0 0
0 5 3 0 4 0 1 0 0
0 0 0 8 0 0 0 0 6
Board 88
6 0 0 0 0 0 1 7 0
0 0 0 0 0 0 0 0 8
0 7 0 0 0 0 0 0 0
0 0 0 0 4 0 0 5 0
0 4 0 7 0 0 3 0 0
0 5 0 3 0 0 0 0 9
0 0 0 0 0 6 5 2 0
5 0 0 9 2 7 0 8 0
0 0 0 0 0 0 0 0 0
Board 89
5 3 4 0 0 1 0 0 0
0 2 0 7 8 0 0 0 4
7 0 0 0 0 0 0 0 0
0 0 0 0 0 0 0 0 0
0 0 0 8 6 0 0 5 9
0 0 7 0 0 0 0 0 0
2 4 0 0 7 0 0 0 0
0 0 0 0 0 3 0 0 0
0 0 0 2 9 0 0 4 0
Board 90
9 0 0 0 0 0 0 0 0
0 0 0 0 0 1 0 0 0
0 0 0 0 6 0 0 0 8
0 0 2 7 0 5 0 1 3
7 0 0 0 1 3 0 0 0
4 0 0 0 0 0 0 8 0
0 0 0 0 3 4 0 2 0
0 0 0 1 0 9 0 0 0
0 0 0 0 0 6 0 7 0
Board 91
0 0 0 0 7 0 0 3 8
6 0 0 0 3 0 0 0 0
9 0 0 0 0 2 0 0 0
0 0 0 0 0 0 3 0 0
0 0 0 0 8 9 0 0 6
0 8 9 0 0 0 0 5 0
0 0 0 5 9 3 8 6 1
0 0 1 0 6 4 0 0 0
0 0 0 0 0 1 0 0 0
Board 92
4 0 0 0 0 0 8 3 0
0 0 0 0 0 0 4 0 0
0 0 0 4 0 0 0 0 6
0 0 2 9 0 0 3 0 8
0 0 5 0 0 8 0 0 0
3 0 0 7 0 0 0 0 0
0 9 0 0 8 0 0 0 0
0 0 0 1 0 0 0 0 0
0 2 4 0 0 7 6 0 0
Board 93
0 0 0 4 6 2 0 0 1
0 6 0 0 0 0 0 0 0
3 9 0 0 0 0 0 0 0
5 0 4 0 2 6 9 0 3
0 0 0 9 0 0 0 0 0
0 0 0 0 8 0 0 2 0
0 7 5 0 3 9 1 0 0
1 0 0 0 7 0 0 0 0
0 0 0 0 0 0 0 0 5
Board 94
0 1 0 0 0 0 5 0 0
0 0 9 0 0 0 0 0 0
0 0 6 8 0 0 7 0 0
0 0 0 0 0 0 0 0 0
0 0 0 2 0 5 0 0 0
2 6 5 0 8 0 3 0 4
0 0 1 0 5 0 0 0 0
6 0 0 0 0 0 0 0 0
0 0 0 0 7 0 0 3 0
Board 95
0 8 0 0 0 0 5 0 4
0 0 0 0 0 0 7 0 0
0 0 4 0 0 0 9 0 6
0 0 0 2 0 0 0 0 0
0 0 1 0 0 0 8 0 0
0 4 0 0 0 0 2 0 0
1 0 0 0 0 0 4 9 0
0 0 0 1 0 8 6 0 0
6 0 0 0 0 0 0 5 8
Board 96
0 0 0 0 0 0 0 0 0
0 7 0 0 4 3 0 0 8
0 0 3 0 0 0 0 0 0
6 0 5 0 9 0 0 0 0
0 0 7 0 3 0 0 0 0
0 3 0 0 0 5 0 9 0
0 8 0 0 0 0 0 0 0
0 0 4 0 5 2 9 0 6
9 0 0 0 0 0 7 1 4
Board 97
0 0 0 6 0 0 0 0 0
0 9 5 0 0 0 0 0 3
8 0 0 4 2 3 6 0 0
2 0 6 0 0 9 0 1 0
0 0 0 0 1 0 0 0 0
0 0 0 0 0 6 3 0 0
0 0 0 1 0 0 0 0 7
0 6 0 0 8 0 0 0 2
0 0 0 0 3 0 0 0 0
Board 98
0 0 0 0 0 0 0 0 0
0 0 2 0 0 0 0 8 0
0 0 4 0 8 9 0 1 0
0 3 7 9 2 1 6 0 0
9 2 1 0 0 0 0 3 0
6 0 0 0 0 7 0 0 0
0 9 8 4 0 0 0 0 0
0 0 0 0 0 0 4 0 0
0 0 0 0 0 0 0 7 0
Board 99
0 0 5 8 0 3 0 0 0
0 0 0 0 0 0 0 0 0
0 7 6 0 0 5 8 2 3
0 0 8 0 0 0 0 0 0
0 0 0 0 0 0 0 0 0
0 6 0 0 4 8 5 0 0
0 0 1 0 8 0 0 0 0
0 0 0 0 0 0 6 0 1
0 0 7 0 9 1 0 0 0
Board 100
9 0 7 0 0 4 0 5 0
0 6 0 0 5 3 0 0 7
0 5 0 0 2 0 0 0 0
0 0 0 0 0 0 0 0 0
0 0 0 0 0 0 0 0 0
5 0 0 0 0 1 0 0 0
6 0 0 0 0 0 4 0 0
4 8 5 0 0 2 0 0 0
3 0 0 0 0 0 0 7 0
